100000 86730 -1.08778e+06
110000 179584 -824939
120000 281820 -560192
130000 393251 -293698
140000 513813 -25593.7
150000 643866 244007
160000 783566 515003
170000 932964 787308
180000 1.09139e+06 1.06085e+06
190000 1.25949e+06 1.33554e+06
200000 1.43719e+06 1.61135e+06
210000 1.62559e+06 1.88819e+06
220000 1.85527e+06 2.16604e+06
230000 2.06221e+06 2.44484e+06
240000 2.27916e+06 2.72454e+06
250000 2.50537e+06 3.00512e+06
260000 2.74152e+06 3.28654e+06
270000 2.98749e+06 3.56876e+06
280000 3.2432e+06 3.85175e+06
290000 3.5091e+06 4.1355e+06
300000 3.78553e+06 4.41996e+06
310000 4.06928e+06 4.70513e+06
320000 4.36253e+06 4.99096e+06
330000 4.66628e+06 5.27746e+06
340000 4.97975e+06 5.56458e+06
350000 5.30363e+06 5.85232e+06
360000 5.63788e+06 6.14066e+06
370000 5.98262e+06 6.42958e+06
380000 6.33738e+06 6.71907e+06
390000 6.70238e+06 7.00911e+06
400000 7.10034e+06 7.29968e+06
410000 7.4894e+06 7.59078e+06
420000 7.88662e+06 7.88239e+06
430000 8.29338e+06 8.17449e+06
440000 8.71085e+06 8.46708e+06
450000 9.13876e+06 8.76015e+06
460000 9.57666e+06 9.05369e+06
470000 1.0025e+07 9.34767e+06
480000 1.04835e+07 9.64211e+06
490000 1.09529e+07 9.93698e+06
500000 1.1432e+07 1.02323e+07
