50 75261
51 70327
52 75447
53 77731
54 81420
55 86578
56 91088
57 95451
58 101956
59 106357
60 110829
61 117600
62 121570
63 129385
64 136253
65 143460
66 148672
67 153754
68 161234
69 168375
70 174794
71 183010
72 190150
73 200277
74 207756
75 217051
76 231461
77 237119
78 247107
79 259686
80 276426
81 282623
82 302489
83 301556
84 306130
85 315371
86 331748
87 336105
88 347803
89 360931
90 374684
91 384067
92 404872
93 419394
94 432824
95 440283
96 451196
97 466589
98 477604
99 518802
100 556471
